{
  "nbformat": 4,
  "nbformat_minor": 5,
  "metadata": {
    "colab": {
      "name": "tsp.ipynb",
      "provenance": []
    },
    "language_info": {
      "name": "python"
    },
    "kernelspec": {
      "name": "python3",
      "display_name": "Python 3"
    }
  },
  "cells": [
    {
      "cell_type": "markdown",
      "metadata": {
        "id": "e28b12af"
      },
      "source": [
        "\n",
        "##### Copyright 2021 Google LLC."
      ],
      "id": "e28b12af"
    },
    {
      "cell_type": "markdown",
      "metadata": {
        "id": "f76be8dd"
      },
      "source": [
        "Licensed under the Apache License, Version 2.0 (the \"License\");\n",
        "you may not use this file except in compliance with the License.\n",
        "You may obtain a copy of the License at\n",
        "\n",
        "    http://www.apache.org/licenses/LICENSE-2.0\n",
        "\n",
        "Unless required by applicable law or agreed to in writing, software\n",
        "distributed under the License is distributed on an \"AS IS\" BASIS,\n",
        "WITHOUT WARRANTIES OR CONDITIONS OF ANY KIND, either express or implied.\n",
        "See the License for the specific language governing permissions and\n",
        "limitations under the License.\n"
      ],
      "id": "f76be8dd"
    },
    {
      "cell_type": "markdown",
      "metadata": {
        "id": "a23bc189"
      },
      "source": [
        "# tsp"
      ],
      "id": "a23bc189"
    },
    {
      "cell_type": "markdown",
      "metadata": {
        "id": "20f2235b"
      },
      "source": [
        "<table align=\"left\">\n",
        "<td>\n",
        "<a href=\"https://colab.research.google.com/github/google/or-tools/blob/master/examples/notebook/constraint_solver/tsp.ipynb\"><img src=\"https://raw.githubusercontent.com/google/or-tools/master/tools/colab_32px.png\"/>Run in Google Colab</a>\n",
        "</td>\n",
        "<td>\n",
        "<a href=\"https://github.com/google/or-tools/blob/master/ortools/constraint_solver/samples/tsp.py\"><img src=\"https://raw.githubusercontent.com/google/or-tools/master/tools/github_32px.png\"/>View source on GitHub</a>\n",
        "</td>\n",
        "</table>"
      ],
      "id": "20f2235b"
    },
    {
      "cell_type": "markdown",
      "metadata": {
        "id": "3a63c877"
      },
      "source": [
        "First, you must install [ortools](https://pypi.org/project/ortools/) package in this colab."
      ],
      "id": "3a63c877"
    },
    {
      "cell_type": "code",
      "metadata": {
        "id": "Vfo4TOuLzZTD"
      },
      "source": [
        "from geopy.geocoders import Nominatim\n",
        "from geopy import distance \n",
        "from geopy.distance import geodesic\n",
        "import numpy as np\n",
        "geocoder = Nominatim(user_agent = \"Ipac\")\n"
      ],
      "id": "Vfo4TOuLzZTD",
      "execution_count": 16,
      "outputs": []
    },
    {
      "cell_type": "code",
      "metadata": {
        "id": "nhAeL_UfEOpb",
        "outputId": "4604b51d-e84f-49a2-c461-8e631aac99b4",
        "colab": {
          "base_uri": "https://localhost:8080/"
        }
      },
      "source": [
        "l = ['Mandrem', 'Pernem', 'Bicholim', 'Tivim', 'Mapusa', 'Siolim', 'Saligao', 'Calangute', 'Porvorim',\\\n",
        "     'Aldona', 'Panaji', 'Taleigao',  'Sanquelim', 'Valpoi', 'Priol',\\\n",
        "     'Ponda', 'Marcaim', 'Mormugao', 'Vasco-Da-Gama', 'Dabolim', 'Cortalim',\\\n",
        "     'Nuvem', 'Curtorim', 'Fatorda', 'Margao', 'Benaulim', 'Navelim', 'Cuncolim', 'Quepem',\\\n",
        "     'Curchorem','Sanvordem', 'Sanguem','Canacona']\n",
        "removed  = ['Cumbarjua', 'Poriem', 'St. Cruz', 'St. Andre', 'Maem', 'Siroda', 'Velim']\n",
        "\n",
        "len(l)"
      ],
      "id": "nhAeL_UfEOpb",
      "execution_count": 17,
      "outputs": [
        {
          "output_type": "execute_result",
          "data": {
            "text/plain": [
              "33"
            ]
          },
          "metadata": {},
          "execution_count": 17
        }
      ]
    },
    {
      "cell_type": "code",
      "metadata": {
        "id": "_U60BCjwEZS9",
        "outputId": "29445a3a-f7e0-474a-cbc1-34e52dcfc9b6",
        "colab": {
          "base_uri": "https://localhost:8080/"
        }
      },
      "source": [
        "j = 0\n",
        "for i in l:\n",
        "    loc1 = i\n",
        "\n",
        "    coord1 = geocoder.geocode(loc1)\n",
        "\n",
        "    lat1, long1 = (coord1.latitude), (coord1.longitude)\n",
        "\n",
        "    place1 = (lat1, long1)\n",
        "\n",
        "    j += 1\n",
        "    print(j,'.', i, place1)\n",
        "\n"
      ],
      "id": "_U60BCjwEZS9",
      "execution_count": 18,
      "outputs": [
        {
          "output_type": "stream",
          "name": "stdout",
          "text": [
            "1 . Mandrem (15.6680868, 73.7178136)\n",
            "2 . Pernem (15.7089964, 73.8167602)\n",
            "3 . Bicholim (15.5553688, 73.97707290781565)\n",
            "4 . Tivim (15.6244805, 73.8769308)\n",
            "5 . Mapusa (15.5926511, 73.8119741)\n",
            "6 . Siolim (15.6243358, 73.7660284)\n",
            "7 . Saligao (15.5485692, 73.7894712)\n",
            "8 . Calangute (15.5460146, 73.763253)\n",
            "9 . Porvorim (15.5474192, 73.8187636)\n",
            "10 . Aldona (15.5888252, 73.8740758)\n",
            "11 . Panaji (15.4989946, 73.8282141)\n",
            "12 . Taleigao (15.4702841, 73.8195862)\n",
            "13 . Sanquelim (15.55677065, 74.0161054595441)\n",
            "14 . Valpoi (15.530515, 74.1355585)\n",
            "15 . Priol (15.4365303, 73.9909348)\n",
            "16 . Ponda (15.4039033, 74.00975207575615)\n",
            "17 . Marcaim (15.42215085, 73.94959381147936)\n",
            "18 . Mormugao (15.37128395, 73.87924144288202)\n",
            "19 . Vasco-Da-Gama (15.398403, 73.8129178)\n",
            "20 . Dabolim (15.3865713, 73.8514049)\n",
            "21 . Cortalim (15.3976447, 73.9108927)\n",
            "22 . Nuvem (15.3124888, 73.9445987)\n",
            "23 . Curtorim (15.289893, 74.0221562)\n",
            "24 . Fatorda (15.29258, 73.9616937)\n",
            "25 . Margao (15.272923, 73.9583159)\n",
            "26 . Benaulim (15.2601367, 73.9275675)\n",
            "27 . Navelim (15.2565946, 73.9664212)\n",
            "28 . Cuncolim (15.1797104, 73.9976262)\n",
            "29 . Quepem (15.2142541, 74.0707793)\n",
            "30 . Curchorem (15.2617381, 74.1082756)\n",
            "31 . Sanvordem (15.2641026, 74.1085411)\n",
            "32 . Sanguem (15.1714711, 74.23102546921518)\n",
            "33 . Canacona (15.0068417, 74.0394887)\n"
          ]
        }
      ]
    },
    {
      "cell_type": "code",
      "metadata": {
        "id": "eJQex-cYFHmD",
        "outputId": "87b28365-170b-4d24-e13c-08632a3f1bd2",
        "colab": {
          "base_uri": "https://localhost:8080/"
        }
      },
      "source": [
        "big_list = []\n",
        "for i in l:\n",
        "    small_list = []\n",
        "    for j in l:\n",
        "        #print(i, '-->', j)\n",
        "        loc1 = i\n",
        "        loc2 = j\n",
        "        \n",
        "        coord1 = geocoder.geocode(loc1)\n",
        "        coord2 = geocoder.geocode(loc2)\n",
        "\n",
        "        lat1, long1 = (coord1.latitude), (coord1.longitude)\n",
        "        lat2, long2 = (coord2.latitude), (coord2.longitude)\n",
        "\n",
        "        place1 = (lat1, long1)\n",
        "        place2 = (lat2, long2)\n",
        "        \n",
        "        d = geodesic(place1, place2).km\n",
        "        d = np.round(d, 3)\n",
        "        \n",
        "        #print(d)\n",
        "        small_list.append(d)\n",
        "    print(small_list)\n",
        "    big_list.append(small_list)\n",
        "#big_list"
      ],
      "id": "eJQex-cYFHmD",
      "execution_count": 20,
      "outputs": [
        {
          "output_type": "stream",
          "name": "stdout",
          "text": [
            "[0.0, 11.533, 30.472, 17.73, 13.1, 7.083, 15.296, 14.36, 17.19, 18.913, 22.143, 24.459, 34.278, 47.317, 38.921, 42.842, 36.862, 37.129, 31.538, 34.29, 36.395, 46.265, 53.083, 49.106, 50.775, 50.442, 52.774, 61.825, 62.904, 61.462, 61.29, 77.809, 80.911]\n",
            "[11.533, 0.0, 24.176, 11.361, 12.884, 10.833, 17.992, 18.925, 17.881, 14.649, 23.27, 26.416, 27.215, 39.481, 35.468, 39.602, 34.792, 37.966, 34.371, 35.871, 35.902, 45.969, 51.345, 48.631, 50.587, 51.071, 52.573, 61.7, 61.157, 58.547, 58.342, 74.26, 81.292]\n",
            "[30.472, 24.176, 0.0, 13.185, 18.182, 23.886, 20.138, 22.96, 17.005, 11.651, 17.145, 19.343, 4.19, 17.222, 13.234, 17.123, 15.033, 22.916, 24.738, 23.038, 18.842, 27.1, 29.772, 29.125, 31.318, 33.098, 33.08, 41.626, 39.063, 35.412, 35.184, 50.477, 61.064]\n",
            "[17.73, 11.361, 13.185, 0.0, 7.806, 11.892, 12.592, 14.968, 10.566, 3.957, 14.836, 18.137, 16.701, 29.624, 24.127, 28.263, 23.707, 28.018, 25.942, 26.468, 25.363, 35.278, 40.17, 37.836, 39.869, 40.68, 41.825, 50.892, 49.934, 47.197, 46.99, 62.909, 70.537]\n",
            "[13.1, 12.884, 18.182, 7.806, 0.0, 6.047, 5.442, 7.344, 5.058, 6.674, 10.509, 13.565, 22.252, 35.384, 25.828, 29.775, 23.958, 25.536, 21.494, 23.193, 24.047, 34.112, 40.388, 36.888, 38.709, 38.829, 40.713, 49.851, 50.249, 48.5, 48.321, 64.776, 69.273]\n",
            "[7.083, 10.833, 23.886, 11.892, 6.047, 0.0, 8.753, 8.672, 10.219, 12.235, 15.39, 17.989, 27.843, 40.972, 31.844, 35.759, 29.806, 30.522, 25.501, 27.859, 29.509, 39.471, 46.099, 42.291, 44.022, 43.871, 46.026, 55.124, 55.938, 54.397, 54.224, 70.73, 74.371]\n",
            "[15.296, 17.992, 20.138, 12.592, 5.442, 8.753, 0.0, 2.827, 3.145, 10.109, 6.882, 9.246, 24.328, 37.181, 24.92, 28.548, 22.156, 21.855, 16.806, 19.118, 21.182, 30.978, 37.988, 33.824, 35.48, 35.191, 37.478, 46.533, 47.755, 46.674, 46.518, 63.156, 65.683]\n",
            "[14.36, 18.925, 22.96, 14.968, 7.344, 8.672, 2.827, 0.0, 5.957, 12.796, 8.697, 10.332, 27.15, 39.977, 27.269, 30.773, 24.242, 22.995, 17.181, 20.019, 22.816, 32.351, 39.692, 35.215, 36.764, 36.218, 38.746, 47.708, 49.373, 48.592, 48.445, 65.116, 66.631]\n",
            "[17.19, 17.881, 17.005, 10.566, 5.058, 10.219, 3.145, 5.957, 0.0, 7.496, 5.453, 8.536, 21.194, 34.036, 22.178, 25.927, 19.729, 20.542, 16.501, 18.14, 19.298, 29.295, 35.898, 32.102, 33.867, 33.866, 35.872, 44.992, 45.728, 44.33, 44.163, 60.744, 64.343]\n",
            "[18.913, 14.649, 11.651, 3.957, 6.674, 12.235, 10.109, 12.796, 7.496, 0.0, 11.091, 14.361, 15.641, 28.781, 21.004, 25.112, 20.145, 24.078, 22.069, 22.512, 21.52, 31.5, 36.698, 34.103, 36.106, 36.821, 38.075, 47.173, 46.516, 44.066, 43.868, 60.01, 66.803]\n",
            "[22.143, 23.27, 17.145, 14.836, 10.509, 15.39, 6.882, 8.697, 5.453, 11.091, 0.0, 3.309, 21.147, 33.159, 18.78, 22.143, 15.556, 15.156, 11.251, 12.687, 14.301, 24.124, 31.126, 26.963, 28.65, 28.501, 30.653, 39.738, 40.878, 39.915, 39.765, 56.43, 58.997]\n",
            "[24.459, 26.416, 19.343, 18.137, 13.565, 17.989, 9.246, 10.332, 8.536, 14.361, 3.309, 0.0, 23.155, 34.552, 18.765, 21.692, 14.935, 12.689, 7.986, 9.873, 12.675, 22.022, 29.519, 24.888, 26.434, 25.983, 28.419, 37.408, 39.117, 38.642, 38.509, 55.186, 56.46]\n",
            "[34.278, 27.215, 4.19, 16.701, 22.252, 27.843, 24.328, 27.15, 21.194, 15.641, 21.147, 23.155, 0.0, 13.139, 13.576, 16.929, 16.518, 25.239, 27.973, 25.828, 20.917, 28.099, 29.538, 29.811, 32.015, 34.172, 33.641, 41.77, 38.352, 34.112, 33.87, 48.478, 60.902]\n",
            "[47.317, 39.481, 17.222, 29.624, 35.384, 40.972, 37.181, 39.977, 34.036, 28.781, 33.159, 34.552, 13.139, 0.0, 18.681, 19.456, 23.281, 32.667, 37.584, 34.404, 28.239, 31.657, 29.276, 32.272, 34.27, 37.331, 35.332, 41.547, 35.679, 29.885, 29.622, 41.03, 58.857]\n",
            "[38.921, 35.468, 13.234, 24.127, 25.828, 31.844, 24.92, 27.269, 22.178, 21.004, 18.78, 18.765, 13.576, 18.681, 0.0, 4.137, 4.714, 13.996, 19.568, 15.965, 9.609, 14.599, 16.568, 16.235, 18.439, 20.67, 20.083, 28.427, 26.047, 23.083, 22.88, 39.052, 47.831]\n",
            "[42.842, 39.602, 17.123, 28.263, 29.775, 35.759, 28.548, 30.773, 25.927, 25.112, 22.143, 21.692, 16.929, 19.456, 4.137, 0.0, 6.766, 14.468, 21.138, 17.106, 10.635, 12.299, 12.686, 13.355, 15.51, 18.192, 16.951, 24.841, 21.985, 18.958, 18.757, 35.018, 44.051]\n",
            "[36.862, 34.792, 15.033, 23.707, 23.958, 29.806, 22.156, 24.242, 19.729, 20.145, 15.556, 14.935, 16.518, 23.281, 4.714, 6.766, 0.0, 9.419, 14.905, 11.251, 4.961, 12.146, 16.579, 14.396, 16.539, 18.083, 18.408, 27.318, 26.43, 24.605, 24.436, 41.025, 46.958]\n",
            "[37.129, 37.966, 22.916, 28.018, 25.536, 30.522, 21.855, 22.995, 20.542, 24.078, 15.156, 12.689, 25.239, 32.667, 13.996, 14.468, 9.419, 0.0, 7.727, 3.434, 4.478, 9.57, 17.794, 12.419, 13.805, 13.349, 15.77, 24.719, 26.928, 27.421, 27.332, 43.779, 43.848]\n",
            "[31.538, 34.371, 24.738, 25.942, 21.494, 25.501, 16.806, 17.181, 16.501, 22.069, 11.251, 7.986, 27.973, 37.584, 19.568, 21.138, 14.905, 7.727, 0.0, 4.334, 10.518, 17.038, 25.474, 19.807, 20.894, 19.638, 22.758, 31.291, 34.382, 35.137, 35.051, 51.451, 49.698]\n",
            "[34.29, 35.871, 23.038, 26.468, 23.193, 27.859, 19.118, 20.019, 18.14, 22.512, 12.687, 9.873, 25.828, 34.404, 15.965, 17.106, 11.251, 3.434, 4.334, 0.0, 6.503, 12.936, 21.228, 15.761, 17.028, 16.206, 18.958, 27.759, 30.309, 30.85, 30.759, 47.213, 46.625]\n",
            "[36.395, 35.902, 18.842, 25.363, 24.047, 29.509, 21.182, 22.816, 19.298, 21.52, 14.301, 12.675, 20.917, 28.239, 9.609, 10.635, 4.961, 4.478, 10.518, 6.503, 0.0, 10.094, 16.879, 12.842, 14.71, 15.321, 16.708, 25.852, 26.583, 25.989, 25.861, 42.528, 45.397]\n",
            "[46.265, 45.969, 27.1, 35.278, 34.112, 39.471, 30.978, 32.351, 29.295, 31.5, 24.124, 22.022, 28.099, 31.657, 14.599, 12.299, 12.146, 9.57, 17.038, 12.936, 10.094, 0.0, 8.697, 2.868, 4.619, 6.075, 6.614, 15.758, 17.374, 18.455, 18.404, 34.501, 35.324]\n",
            "[53.083, 51.345, 29.772, 40.17, 40.388, 46.099, 37.988, 39.692, 35.898, 36.698, 31.126, 29.519, 29.538, 29.276, 16.568, 12.686, 16.579, 17.794, 25.474, 21.228, 16.879, 8.697, 0.0, 6.501, 7.109, 10.68, 7.03, 12.473, 9.866, 9.761, 9.708, 25.985, 31.375]\n",
            "[49.106, 48.631, 29.125, 37.836, 36.888, 42.291, 33.824, 35.215, 32.102, 34.103, 26.963, 24.888, 29.811, 32.272, 16.235, 13.355, 14.396, 12.419, 19.807, 15.761, 12.842, 2.868, 6.501, 0.0, 2.205, 5.131, 4.014, 13.072, 14.575, 16.11, 16.085, 31.888, 32.704]\n",
            "[50.775, 50.587, 31.318, 39.869, 38.709, 44.022, 35.48, 36.764, 33.867, 36.106, 28.65, 26.434, 32.015, 34.27, 18.439, 15.51, 16.539, 13.805, 20.894, 17.028, 14.71, 4.619, 7.109, 2.205, 0.0, 3.593, 2.006, 11.145, 13.715, 16.156, 16.166, 31.376, 30.707]\n",
            "[50.442, 51.071, 33.098, 40.68, 38.829, 43.871, 35.191, 36.218, 33.866, 36.821, 28.501, 25.983, 34.172, 37.331, 20.67, 18.192, 18.083, 13.349, 19.638, 16.206, 15.321, 6.075, 10.68, 5.131, 3.593, 0.0, 4.192, 11.656, 16.201, 19.412, 19.445, 34.048, 30.5]\n",
            "[52.774, 52.573, 33.08, 41.825, 40.713, 46.026, 37.478, 38.746, 35.872, 38.075, 30.653, 28.419, 33.641, 35.332, 20.083, 16.951, 18.408, 15.77, 22.758, 18.958, 16.708, 6.614, 7.03, 4.014, 2.006, 4.192, 0.0, 9.144, 12.151, 15.249, 15.289, 29.949, 28.729]\n",
            "[61.825, 61.7, 41.626, 50.892, 49.851, 55.124, 46.533, 47.708, 44.992, 47.173, 39.738, 37.408, 41.77, 41.547, 28.427, 24.841, 27.318, 24.719, 31.291, 27.759, 25.852, 15.758, 12.473, 13.072, 11.145, 11.656, 9.144, 0.0, 8.74, 14.957, 15.139, 25.098, 19.65]\n",
            "[62.904, 61.157, 39.063, 49.934, 50.249, 55.938, 47.755, 49.373, 45.728, 46.516, 40.878, 39.117, 38.352, 35.679, 26.047, 21.985, 26.43, 26.928, 34.382, 30.309, 26.583, 17.374, 9.866, 14.575, 13.715, 16.201, 12.151, 8.74, 0.0, 6.621, 6.847, 17.858, 23.195]\n",
            "[61.462, 58.547, 35.412, 47.197, 48.5, 54.397, 46.674, 48.592, 44.33, 44.066, 39.915, 38.642, 34.112, 29.885, 23.083, 18.958, 24.605, 27.421, 35.137, 30.85, 25.989, 18.455, 9.761, 16.11, 16.156, 19.412, 15.249, 14.957, 6.621, 0.0, 0.263, 16.544, 29.157]\n",
            "[61.29, 58.342, 35.184, 46.99, 48.321, 54.224, 46.518, 48.445, 44.163, 43.868, 39.765, 38.509, 33.87, 29.622, 22.88, 18.757, 24.436, 27.332, 35.051, 30.759, 25.861, 18.404, 9.708, 16.085, 16.166, 19.445, 15.289, 15.139, 6.847, 0.263, 0.0, 16.68, 29.418]\n",
            "[77.809, 74.26, 50.477, 62.909, 64.776, 70.73, 63.156, 65.116, 60.744, 60.01, 56.43, 55.186, 48.478, 41.03, 39.052, 35.018, 41.025, 43.779, 51.451, 47.213, 42.528, 34.501, 25.985, 31.888, 31.376, 34.048, 29.949, 25.098, 17.858, 16.544, 16.68, 0.0, 27.492]\n",
            "[80.911, 81.292, 61.064, 70.537, 69.273, 74.371, 65.683, 66.631, 64.343, 66.803, 58.997, 56.46, 60.902, 58.857, 47.831, 44.051, 46.958, 43.848, 49.698, 46.625, 45.397, 35.324, 31.375, 32.704, 30.707, 30.5, 28.729, 19.65, 23.195, 29.157, 29.418, 27.492, 0.0]\n"
          ]
        },
        {
          "output_type": "execute_result",
          "data": {
            "text/plain": [
              "[[0.0,\n",
              "  11.533,\n",
              "  30.472,\n",
              "  17.73,\n",
              "  13.1,\n",
              "  7.083,\n",
              "  15.296,\n",
              "  14.36,\n",
              "  17.19,\n",
              "  18.913,\n",
              "  22.143,\n",
              "  24.459,\n",
              "  34.278,\n",
              "  47.317,\n",
              "  38.921,\n",
              "  42.842,\n",
              "  36.862,\n",
              "  37.129,\n",
              "  31.538,\n",
              "  34.29,\n",
              "  36.395,\n",
              "  46.265,\n",
              "  53.083,\n",
              "  49.106,\n",
              "  50.775,\n",
              "  50.442,\n",
              "  52.774,\n",
              "  61.825,\n",
              "  62.904,\n",
              "  61.462,\n",
              "  61.29,\n",
              "  77.809,\n",
              "  80.911],\n",
              " [11.533,\n",
              "  0.0,\n",
              "  24.176,\n",
              "  11.361,\n",
              "  12.884,\n",
              "  10.833,\n",
              "  17.992,\n",
              "  18.925,\n",
              "  17.881,\n",
              "  14.649,\n",
              "  23.27,\n",
              "  26.416,\n",
              "  27.215,\n",
              "  39.481,\n",
              "  35.468,\n",
              "  39.602,\n",
              "  34.792,\n",
              "  37.966,\n",
              "  34.371,\n",
              "  35.871,\n",
              "  35.902,\n",
              "  45.969,\n",
              "  51.345,\n",
              "  48.631,\n",
              "  50.587,\n",
              "  51.071,\n",
              "  52.573,\n",
              "  61.7,\n",
              "  61.157,\n",
              "  58.547,\n",
              "  58.342,\n",
              "  74.26,\n",
              "  81.292],\n",
              " [30.472,\n",
              "  24.176,\n",
              "  0.0,\n",
              "  13.185,\n",
              "  18.182,\n",
              "  23.886,\n",
              "  20.138,\n",
              "  22.96,\n",
              "  17.005,\n",
              "  11.651,\n",
              "  17.145,\n",
              "  19.343,\n",
              "  4.19,\n",
              "  17.222,\n",
              "  13.234,\n",
              "  17.123,\n",
              "  15.033,\n",
              "  22.916,\n",
              "  24.738,\n",
              "  23.038,\n",
              "  18.842,\n",
              "  27.1,\n",
              "  29.772,\n",
              "  29.125,\n",
              "  31.318,\n",
              "  33.098,\n",
              "  33.08,\n",
              "  41.626,\n",
              "  39.063,\n",
              "  35.412,\n",
              "  35.184,\n",
              "  50.477,\n",
              "  61.064],\n",
              " [17.73,\n",
              "  11.361,\n",
              "  13.185,\n",
              "  0.0,\n",
              "  7.806,\n",
              "  11.892,\n",
              "  12.592,\n",
              "  14.968,\n",
              "  10.566,\n",
              "  3.957,\n",
              "  14.836,\n",
              "  18.137,\n",
              "  16.701,\n",
              "  29.624,\n",
              "  24.127,\n",
              "  28.263,\n",
              "  23.707,\n",
              "  28.018,\n",
              "  25.942,\n",
              "  26.468,\n",
              "  25.363,\n",
              "  35.278,\n",
              "  40.17,\n",
              "  37.836,\n",
              "  39.869,\n",
              "  40.68,\n",
              "  41.825,\n",
              "  50.892,\n",
              "  49.934,\n",
              "  47.197,\n",
              "  46.99,\n",
              "  62.909,\n",
              "  70.537],\n",
              " [13.1,\n",
              "  12.884,\n",
              "  18.182,\n",
              "  7.806,\n",
              "  0.0,\n",
              "  6.047,\n",
              "  5.442,\n",
              "  7.344,\n",
              "  5.058,\n",
              "  6.674,\n",
              "  10.509,\n",
              "  13.565,\n",
              "  22.252,\n",
              "  35.384,\n",
              "  25.828,\n",
              "  29.775,\n",
              "  23.958,\n",
              "  25.536,\n",
              "  21.494,\n",
              "  23.193,\n",
              "  24.047,\n",
              "  34.112,\n",
              "  40.388,\n",
              "  36.888,\n",
              "  38.709,\n",
              "  38.829,\n",
              "  40.713,\n",
              "  49.851,\n",
              "  50.249,\n",
              "  48.5,\n",
              "  48.321,\n",
              "  64.776,\n",
              "  69.273],\n",
              " [7.083,\n",
              "  10.833,\n",
              "  23.886,\n",
              "  11.892,\n",
              "  6.047,\n",
              "  0.0,\n",
              "  8.753,\n",
              "  8.672,\n",
              "  10.219,\n",
              "  12.235,\n",
              "  15.39,\n",
              "  17.989,\n",
              "  27.843,\n",
              "  40.972,\n",
              "  31.844,\n",
              "  35.759,\n",
              "  29.806,\n",
              "  30.522,\n",
              "  25.501,\n",
              "  27.859,\n",
              "  29.509,\n",
              "  39.471,\n",
              "  46.099,\n",
              "  42.291,\n",
              "  44.022,\n",
              "  43.871,\n",
              "  46.026,\n",
              "  55.124,\n",
              "  55.938,\n",
              "  54.397,\n",
              "  54.224,\n",
              "  70.73,\n",
              "  74.371],\n",
              " [15.296,\n",
              "  17.992,\n",
              "  20.138,\n",
              "  12.592,\n",
              "  5.442,\n",
              "  8.753,\n",
              "  0.0,\n",
              "  2.827,\n",
              "  3.145,\n",
              "  10.109,\n",
              "  6.882,\n",
              "  9.246,\n",
              "  24.328,\n",
              "  37.181,\n",
              "  24.92,\n",
              "  28.548,\n",
              "  22.156,\n",
              "  21.855,\n",
              "  16.806,\n",
              "  19.118,\n",
              "  21.182,\n",
              "  30.978,\n",
              "  37.988,\n",
              "  33.824,\n",
              "  35.48,\n",
              "  35.191,\n",
              "  37.478,\n",
              "  46.533,\n",
              "  47.755,\n",
              "  46.674,\n",
              "  46.518,\n",
              "  63.156,\n",
              "  65.683],\n",
              " [14.36,\n",
              "  18.925,\n",
              "  22.96,\n",
              "  14.968,\n",
              "  7.344,\n",
              "  8.672,\n",
              "  2.827,\n",
              "  0.0,\n",
              "  5.957,\n",
              "  12.796,\n",
              "  8.697,\n",
              "  10.332,\n",
              "  27.15,\n",
              "  39.977,\n",
              "  27.269,\n",
              "  30.773,\n",
              "  24.242,\n",
              "  22.995,\n",
              "  17.181,\n",
              "  20.019,\n",
              "  22.816,\n",
              "  32.351,\n",
              "  39.692,\n",
              "  35.215,\n",
              "  36.764,\n",
              "  36.218,\n",
              "  38.746,\n",
              "  47.708,\n",
              "  49.373,\n",
              "  48.592,\n",
              "  48.445,\n",
              "  65.116,\n",
              "  66.631],\n",
              " [17.19,\n",
              "  17.881,\n",
              "  17.005,\n",
              "  10.566,\n",
              "  5.058,\n",
              "  10.219,\n",
              "  3.145,\n",
              "  5.957,\n",
              "  0.0,\n",
              "  7.496,\n",
              "  5.453,\n",
              "  8.536,\n",
              "  21.194,\n",
              "  34.036,\n",
              "  22.178,\n",
              "  25.927,\n",
              "  19.729,\n",
              "  20.542,\n",
              "  16.501,\n",
              "  18.14,\n",
              "  19.298,\n",
              "  29.295,\n",
              "  35.898,\n",
              "  32.102,\n",
              "  33.867,\n",
              "  33.866,\n",
              "  35.872,\n",
              "  44.992,\n",
              "  45.728,\n",
              "  44.33,\n",
              "  44.163,\n",
              "  60.744,\n",
              "  64.343],\n",
              " [18.913,\n",
              "  14.649,\n",
              "  11.651,\n",
              "  3.957,\n",
              "  6.674,\n",
              "  12.235,\n",
              "  10.109,\n",
              "  12.796,\n",
              "  7.496,\n",
              "  0.0,\n",
              "  11.091,\n",
              "  14.361,\n",
              "  15.641,\n",
              "  28.781,\n",
              "  21.004,\n",
              "  25.112,\n",
              "  20.145,\n",
              "  24.078,\n",
              "  22.069,\n",
              "  22.512,\n",
              "  21.52,\n",
              "  31.5,\n",
              "  36.698,\n",
              "  34.103,\n",
              "  36.106,\n",
              "  36.821,\n",
              "  38.075,\n",
              "  47.173,\n",
              "  46.516,\n",
              "  44.066,\n",
              "  43.868,\n",
              "  60.01,\n",
              "  66.803],\n",
              " [22.143,\n",
              "  23.27,\n",
              "  17.145,\n",
              "  14.836,\n",
              "  10.509,\n",
              "  15.39,\n",
              "  6.882,\n",
              "  8.697,\n",
              "  5.453,\n",
              "  11.091,\n",
              "  0.0,\n",
              "  3.309,\n",
              "  21.147,\n",
              "  33.159,\n",
              "  18.78,\n",
              "  22.143,\n",
              "  15.556,\n",
              "  15.156,\n",
              "  11.251,\n",
              "  12.687,\n",
              "  14.301,\n",
              "  24.124,\n",
              "  31.126,\n",
              "  26.963,\n",
              "  28.65,\n",
              "  28.501,\n",
              "  30.653,\n",
              "  39.738,\n",
              "  40.878,\n",
              "  39.915,\n",
              "  39.765,\n",
              "  56.43,\n",
              "  58.997],\n",
              " [24.459,\n",
              "  26.416,\n",
              "  19.343,\n",
              "  18.137,\n",
              "  13.565,\n",
              "  17.989,\n",
              "  9.246,\n",
              "  10.332,\n",
              "  8.536,\n",
              "  14.361,\n",
              "  3.309,\n",
              "  0.0,\n",
              "  23.155,\n",
              "  34.552,\n",
              "  18.765,\n",
              "  21.692,\n",
              "  14.935,\n",
              "  12.689,\n",
              "  7.986,\n",
              "  9.873,\n",
              "  12.675,\n",
              "  22.022,\n",
              "  29.519,\n",
              "  24.888,\n",
              "  26.434,\n",
              "  25.983,\n",
              "  28.419,\n",
              "  37.408,\n",
              "  39.117,\n",
              "  38.642,\n",
              "  38.509,\n",
              "  55.186,\n",
              "  56.46],\n",
              " [34.278,\n",
              "  27.215,\n",
              "  4.19,\n",
              "  16.701,\n",
              "  22.252,\n",
              "  27.843,\n",
              "  24.328,\n",
              "  27.15,\n",
              "  21.194,\n",
              "  15.641,\n",
              "  21.147,\n",
              "  23.155,\n",
              "  0.0,\n",
              "  13.139,\n",
              "  13.576,\n",
              "  16.929,\n",
              "  16.518,\n",
              "  25.239,\n",
              "  27.973,\n",
              "  25.828,\n",
              "  20.917,\n",
              "  28.099,\n",
              "  29.538,\n",
              "  29.811,\n",
              "  32.015,\n",
              "  34.172,\n",
              "  33.641,\n",
              "  41.77,\n",
              "  38.352,\n",
              "  34.112,\n",
              "  33.87,\n",
              "  48.478,\n",
              "  60.902],\n",
              " [47.317,\n",
              "  39.481,\n",
              "  17.222,\n",
              "  29.624,\n",
              "  35.384,\n",
              "  40.972,\n",
              "  37.181,\n",
              "  39.977,\n",
              "  34.036,\n",
              "  28.781,\n",
              "  33.159,\n",
              "  34.552,\n",
              "  13.139,\n",
              "  0.0,\n",
              "  18.681,\n",
              "  19.456,\n",
              "  23.281,\n",
              "  32.667,\n",
              "  37.584,\n",
              "  34.404,\n",
              "  28.239,\n",
              "  31.657,\n",
              "  29.276,\n",
              "  32.272,\n",
              "  34.27,\n",
              "  37.331,\n",
              "  35.332,\n",
              "  41.547,\n",
              "  35.679,\n",
              "  29.885,\n",
              "  29.622,\n",
              "  41.03,\n",
              "  58.857],\n",
              " [38.921,\n",
              "  35.468,\n",
              "  13.234,\n",
              "  24.127,\n",
              "  25.828,\n",
              "  31.844,\n",
              "  24.92,\n",
              "  27.269,\n",
              "  22.178,\n",
              "  21.004,\n",
              "  18.78,\n",
              "  18.765,\n",
              "  13.576,\n",
              "  18.681,\n",
              "  0.0,\n",
              "  4.137,\n",
              "  4.714,\n",
              "  13.996,\n",
              "  19.568,\n",
              "  15.965,\n",
              "  9.609,\n",
              "  14.599,\n",
              "  16.568,\n",
              "  16.235,\n",
              "  18.439,\n",
              "  20.67,\n",
              "  20.083,\n",
              "  28.427,\n",
              "  26.047,\n",
              "  23.083,\n",
              "  22.88,\n",
              "  39.052,\n",
              "  47.831],\n",
              " [42.842,\n",
              "  39.602,\n",
              "  17.123,\n",
              "  28.263,\n",
              "  29.775,\n",
              "  35.759,\n",
              "  28.548,\n",
              "  30.773,\n",
              "  25.927,\n",
              "  25.112,\n",
              "  22.143,\n",
              "  21.692,\n",
              "  16.929,\n",
              "  19.456,\n",
              "  4.137,\n",
              "  0.0,\n",
              "  6.766,\n",
              "  14.468,\n",
              "  21.138,\n",
              "  17.106,\n",
              "  10.635,\n",
              "  12.299,\n",
              "  12.686,\n",
              "  13.355,\n",
              "  15.51,\n",
              "  18.192,\n",
              "  16.951,\n",
              "  24.841,\n",
              "  21.985,\n",
              "  18.958,\n",
              "  18.757,\n",
              "  35.018,\n",
              "  44.051],\n",
              " [36.862,\n",
              "  34.792,\n",
              "  15.033,\n",
              "  23.707,\n",
              "  23.958,\n",
              "  29.806,\n",
              "  22.156,\n",
              "  24.242,\n",
              "  19.729,\n",
              "  20.145,\n",
              "  15.556,\n",
              "  14.935,\n",
              "  16.518,\n",
              "  23.281,\n",
              "  4.714,\n",
              "  6.766,\n",
              "  0.0,\n",
              "  9.419,\n",
              "  14.905,\n",
              "  11.251,\n",
              "  4.961,\n",
              "  12.146,\n",
              "  16.579,\n",
              "  14.396,\n",
              "  16.539,\n",
              "  18.083,\n",
              "  18.408,\n",
              "  27.318,\n",
              "  26.43,\n",
              "  24.605,\n",
              "  24.436,\n",
              "  41.025,\n",
              "  46.958],\n",
              " [37.129,\n",
              "  37.966,\n",
              "  22.916,\n",
              "  28.018,\n",
              "  25.536,\n",
              "  30.522,\n",
              "  21.855,\n",
              "  22.995,\n",
              "  20.542,\n",
              "  24.078,\n",
              "  15.156,\n",
              "  12.689,\n",
              "  25.239,\n",
              "  32.667,\n",
              "  13.996,\n",
              "  14.468,\n",
              "  9.419,\n",
              "  0.0,\n",
              "  7.727,\n",
              "  3.434,\n",
              "  4.478,\n",
              "  9.57,\n",
              "  17.794,\n",
              "  12.419,\n",
              "  13.805,\n",
              "  13.349,\n",
              "  15.77,\n",
              "  24.719,\n",
              "  26.928,\n",
              "  27.421,\n",
              "  27.332,\n",
              "  43.779,\n",
              "  43.848],\n",
              " [31.538,\n",
              "  34.371,\n",
              "  24.738,\n",
              "  25.942,\n",
              "  21.494,\n",
              "  25.501,\n",
              "  16.806,\n",
              "  17.181,\n",
              "  16.501,\n",
              "  22.069,\n",
              "  11.251,\n",
              "  7.986,\n",
              "  27.973,\n",
              "  37.584,\n",
              "  19.568,\n",
              "  21.138,\n",
              "  14.905,\n",
              "  7.727,\n",
              "  0.0,\n",
              "  4.334,\n",
              "  10.518,\n",
              "  17.038,\n",
              "  25.474,\n",
              "  19.807,\n",
              "  20.894,\n",
              "  19.638,\n",
              "  22.758,\n",
              "  31.291,\n",
              "  34.382,\n",
              "  35.137,\n",
              "  35.051,\n",
              "  51.451,\n",
              "  49.698],\n",
              " [34.29,\n",
              "  35.871,\n",
              "  23.038,\n",
              "  26.468,\n",
              "  23.193,\n",
              "  27.859,\n",
              "  19.118,\n",
              "  20.019,\n",
              "  18.14,\n",
              "  22.512,\n",
              "  12.687,\n",
              "  9.873,\n",
              "  25.828,\n",
              "  34.404,\n",
              "  15.965,\n",
              "  17.106,\n",
              "  11.251,\n",
              "  3.434,\n",
              "  4.334,\n",
              "  0.0,\n",
              "  6.503,\n",
              "  12.936,\n",
              "  21.228,\n",
              "  15.761,\n",
              "  17.028,\n",
              "  16.206,\n",
              "  18.958,\n",
              "  27.759,\n",
              "  30.309,\n",
              "  30.85,\n",
              "  30.759,\n",
              "  47.213,\n",
              "  46.625],\n",
              " [36.395,\n",
              "  35.902,\n",
              "  18.842,\n",
              "  25.363,\n",
              "  24.047,\n",
              "  29.509,\n",
              "  21.182,\n",
              "  22.816,\n",
              "  19.298,\n",
              "  21.52,\n",
              "  14.301,\n",
              "  12.675,\n",
              "  20.917,\n",
              "  28.239,\n",
              "  9.609,\n",
              "  10.635,\n",
              "  4.961,\n",
              "  4.478,\n",
              "  10.518,\n",
              "  6.503,\n",
              "  0.0,\n",
              "  10.094,\n",
              "  16.879,\n",
              "  12.842,\n",
              "  14.71,\n",
              "  15.321,\n",
              "  16.708,\n",
              "  25.852,\n",
              "  26.583,\n",
              "  25.989,\n",
              "  25.861,\n",
              "  42.528,\n",
              "  45.397],\n",
              " [46.265,\n",
              "  45.969,\n",
              "  27.1,\n",
              "  35.278,\n",
              "  34.112,\n",
              "  39.471,\n",
              "  30.978,\n",
              "  32.351,\n",
              "  29.295,\n",
              "  31.5,\n",
              "  24.124,\n",
              "  22.022,\n",
              "  28.099,\n",
              "  31.657,\n",
              "  14.599,\n",
              "  12.299,\n",
              "  12.146,\n",
              "  9.57,\n",
              "  17.038,\n",
              "  12.936,\n",
              "  10.094,\n",
              "  0.0,\n",
              "  8.697,\n",
              "  2.868,\n",
              "  4.619,\n",
              "  6.075,\n",
              "  6.614,\n",
              "  15.758,\n",
              "  17.374,\n",
              "  18.455,\n",
              "  18.404,\n",
              "  34.501,\n",
              "  35.324],\n",
              " [53.083,\n",
              "  51.345,\n",
              "  29.772,\n",
              "  40.17,\n",
              "  40.388,\n",
              "  46.099,\n",
              "  37.988,\n",
              "  39.692,\n",
              "  35.898,\n",
              "  36.698,\n",
              "  31.126,\n",
              "  29.519,\n",
              "  29.538,\n",
              "  29.276,\n",
              "  16.568,\n",
              "  12.686,\n",
              "  16.579,\n",
              "  17.794,\n",
              "  25.474,\n",
              "  21.228,\n",
              "  16.879,\n",
              "  8.697,\n",
              "  0.0,\n",
              "  6.501,\n",
              "  7.109,\n",
              "  10.68,\n",
              "  7.03,\n",
              "  12.473,\n",
              "  9.866,\n",
              "  9.761,\n",
              "  9.708,\n",
              "  25.985,\n",
              "  31.375],\n",
              " [49.106,\n",
              "  48.631,\n",
              "  29.125,\n",
              "  37.836,\n",
              "  36.888,\n",
              "  42.291,\n",
              "  33.824,\n",
              "  35.215,\n",
              "  32.102,\n",
              "  34.103,\n",
              "  26.963,\n",
              "  24.888,\n",
              "  29.811,\n",
              "  32.272,\n",
              "  16.235,\n",
              "  13.355,\n",
              "  14.396,\n",
              "  12.419,\n",
              "  19.807,\n",
              "  15.761,\n",
              "  12.842,\n",
              "  2.868,\n",
              "  6.501,\n",
              "  0.0,\n",
              "  2.205,\n",
              "  5.131,\n",
              "  4.014,\n",
              "  13.072,\n",
              "  14.575,\n",
              "  16.11,\n",
              "  16.085,\n",
              "  31.888,\n",
              "  32.704],\n",
              " [50.775,\n",
